493.14507,259.10394 433.82139,348.56965 534.21529,445.30897 534.21529,445.30897 
534.21529,445.30897 644.49646,541.32092 646.01765,604.60158 646.01765,604.60158 
646.01765,604.60158 669.59493,851.9052 383.62446,795.89812 383.62446,795.89812
383.62446,795.89812 383.62446,795.89812 548.66598,753.71108 375.25828,459.85622 
375.25828,459.85622 375.25828,459.85622 355.48378,415.48704 388.94834,412.57761 
388.94834,412.57761 388.94834,412.57761 477.17335,394.39347 426.97641,266.3776
426.97641,266.3776 426.97641,266.3776 344.83592,243.10196 299.96289,166.72876 
299.96289,166.72876 299.96289,166.72876 361.56821,147.81729 392.75119,45.259123
392.75119,45.259123 392.75119,45.259123 382.8639,98.356607 397.31451,101.9934 
397.31451,101.9934 397.31451,101.9934 448.27202,72.17154 509.87744,105.63027 
509.87744,105.63027 509.87744,105.63027 524.32799,92.537732 515.96188,43.804328 
515.96188,43.804328 515.96188,43.804328 521.28584,126.72383 610.27132,174.00243 
610.27132,174.00243 610.27132,174.00243 577.56723,229.282 493.14507,259.10394